[]
SPLITSIZE=1.000000e-003
SPLITSIZEX=5.000000e+001
SPLITSIZEY=5.000000e+001
FORCESPLIT=0
FORCEALLSPLIT=0
m_bEnableCrossSplit=0
m_dCrossSplitLen=1.000000e-001
FINISHGOTOSPECIALPOS=0
AXISHOME1=0.000000e+000

[NOTITLE]
FOCUSLENGTH=0.000000e+000

[LASTRULER]
NAME=
ROTATEMODE=1
DIAMETER=1.000000e+002
YMODE=0

